Total datasets: 7
Already processed: 0
Remaining to process: 7
Next datasets to process: ['FRTCS.csv', 'Rossi.csv', 'aids.csv', 'csl.csv', 'epileptic.csv', 'heart.csv', 'heartvalve.csv']
==================================================

Processing dataset: FRTCS (1/7)
Original dataset shape: (2091, 9)
Evaluation times: [1506.75 1627.   1740.25]
Train patients: 487, Test patients: 210
Default values calculated from processed train data (487 patients)
Evaluation dataset shape: (2091, 10)
Rows per patient: 3.0
Augmented context for patient 3.0 at eval_time 1506.75:
X_aug:
[[7.35195072e+01 1.40735455e+02 7.90177960e+01 3.44969199e-01
  4.90075291e-01 1.50675000e+03]
 [6.50000000e+01 9.40000000e+01 6.30000000e+01 0.00000000e+00
  0.00000000e+00 1.62700000e+03]
 [6.50000000e+01 1.09000000e+02 5.95000000e+01 0.00000000e+00
  0.00000000e+00 1.74025000e+03]
 ...
 [7.35195072e+01 1.40735455e+02 7.90177960e+01 3.44969199e-01
  4.90075291e-01 1.50675000e+03]
 [7.70000000e+01 1.21000000e+02 7.90000000e+01 0.00000000e+00
  0.00000000e+00 1.62700000e+03]
 [7.70000000e+01 1.21000000e+02 7.90000000e+01 0.00000000e+00
  0.00000000e+00 1.74025000e+03]]
y_aug:
[0 0 0 ... 0 0 0]
Augmented context for patient 3.0 at eval_time 1627.0:
X_aug:
[[7.35195072e+01 1.40735455e+02 7.90177960e+01 3.44969199e-01
  4.90075291e-01 1.50675000e+03]
 [6.50000000e+01 9.40000000e+01 6.30000000e+01 0.00000000e+00
  0.00000000e+00 1.62700000e+03]
 [6.50000000e+01 1.09000000e+02 5.95000000e+01 0.00000000e+00
  0.00000000e+00 1.74025000e+03]
 ...
 [7.70000000e+01 1.21000000e+02 7.90000000e+01 0.00000000e+00
  0.00000000e+00 1.62700000e+03]
 [7.70000000e+01 1.21000000e+02 7.90000000e+01 0.00000000e+00
  0.00000000e+00 1.74025000e+03]
 [7.35195072e+01 1.40735455e+02 7.90177960e+01 3.44969199e-01
  4.90075291e-01 1.50675000e+03]]
y_aug:
[0 0 0 ... 0 0 0]
Augmented context for patient 3.0 at eval_time 1740.25:
X_aug:
[[7.35195072e+01 1.40735455e+02 7.90177960e+01 3.44969199e-01
  4.90075291e-01 1.50675000e+03]
 [6.50000000e+01 9.40000000e+01 6.30000000e+01 0.00000000e+00
  0.00000000e+00 1.62700000e+03]
 [6.50000000e+01 1.09000000e+02 5.95000000e+01 0.00000000e+00
  0.00000000e+00 1.74025000e+03]
 ...
 [7.70000000e+01 1.21000000e+02 7.90000000e+01 0.00000000e+00
  0.00000000e+00 1.74025000e+03]
 [7.35195072e+01 1.40735455e+02 7.90177960e+01 3.44969199e-01
  4.90075291e-01 1.50675000e+03]
 [7.50000000e+01 1.45500000e+02 8.65000000e+01 0.00000000e+00
  1.00000000e+00 1.62700000e+03]]
y_aug:
[0 0 0 ... 0 0 0]
Augmented context for patient 7.0 at eval_time 1506.75:
X_aug:
[[7.35195072e+01 1.40735455e+02 7.90177960e+01 3.44969199e-01
  4.90075291e-01 1.50675000e+03]
 [6.50000000e+01 9.40000000e+01 6.30000000e+01 0.00000000e+00
  0.00000000e+00 1.62700000e+03]
 [6.50000000e+01 1.09000000e+02 5.95000000e+01 0.00000000e+00
  0.00000000e+00 1.74025000e+03]
 ...
 [7.35195072e+01 1.40735455e+02 7.90177960e+01 3.44969199e-01
  4.90075291e-01 1.50675000e+03]
 [7.70000000e+01 1.21000000e+02 7.90000000e+01 0.00000000e+00
  0.00000000e+00 1.62700000e+03]
 [7.70000000e+01 1.21000000e+02 7.90000000e+01 0.00000000e+00
  0.00000000e+00 1.74025000e+03]]
y_aug:
[0 0 0 ... 0 0 0]
Augmented context for patient 7.0 at eval_time 1627.0:
X_aug:
[[7.35195072e+01 1.40735455e+02 7.90177960e+01 3.44969199e-01
  4.90075291e-01 1.50675000e+03]
 [6.50000000e+01 9.40000000e+01 6.30000000e+01 0.00000000e+00
  0.00000000e+00 1.62700000e+03]
 [6.50000000e+01 1.09000000e+02 5.95000000e+01 0.00000000e+00
  0.00000000e+00 1.74025000e+03]
 ...
 [7.70000000e+01 1.21000000e+02 7.90000000e+01 0.00000000e+00
  0.00000000e+00 1.62700000e+03]
 [7.70000000e+01 1.21000000e+02 7.90000000e+01 0.00000000e+00
  0.00000000e+00 1.74025000e+03]
 [7.35195072e+01 1.40735455e+02 7.90177960e+01 3.44969199e-01
  4.90075291e-01 1.50675000e+03]]
y_aug:
[0 0 0 ... 0 0 0]
Augmented context for patient 7.0 at eval_time 1740.25:
X_aug:
[[7.35195072e+01 1.40735455e+02 7.90177960e+01 3.44969199e-01
  4.90075291e-01 1.50675000e+03]
 [6.50000000e+01 9.40000000e+01 6.30000000e+01 0.00000000e+00
  0.00000000e+00 1.62700000e+03]
 [6.50000000e+01 1.09000000e+02 5.95000000e+01 0.00000000e+00
  0.00000000e+00 1.74025000e+03]
 ...
 [7.70000000e+01 1.21000000e+02 7.90000000e+01 0.00000000e+00
  0.00000000e+00 1.74025000e+03]
 [7.35195072e+01 1.40735455e+02 7.90177960e+01 3.44969199e-01
  4.90075291e-01 1.50675000e+03]
 [6.70000000e+01 9.95000000e+01 6.30000000e+01 0.00000000e+00
  0.00000000e+00 1.62700000e+03]]
y_aug:
[0 0 0 ... 0 0 0]
Augmented context for patient 8.0 at eval_time 1506.75:
X_aug:
[[7.35195072e+01 1.40735455e+02 7.90177960e+01 3.44969199e-01
  4.90075291e-01 1.50675000e+03]
 [6.50000000e+01 9.40000000e+01 6.30000000e+01 0.00000000e+00
  0.00000000e+00 1.62700000e+03]
 [6.50000000e+01 1.09000000e+02 5.95000000e+01 0.00000000e+00
  0.00000000e+00 1.74025000e+03]
 ...
 [7.35195072e+01 1.40735455e+02 7.90177960e+01 3.44969199e-01
  4.90075291e-01 1.50675000e+03]
 [7.70000000e+01 1.21000000e+02 7.90000000e+01 0.00000000e+00
  0.00000000e+00 1.62700000e+03]
 [7.70000000e+01 1.21000000e+02 7.90000000e+01 0.00000000e+00
  0.00000000e+00 1.74025000e+03]]
y_aug:
[0 0 0 ... 0 0 0]
Augmented context for patient 8.0 at eval_time 1627.0:
X_aug:
[[7.35195072e+01 1.40735455e+02 7.90177960e+01 3.44969199e-01
  4.90075291e-01 1.50675000e+03]
 [6.50000000e+01 9.40000000e+01 6.30000000e+01 0.00000000e+00
  0.00000000e+00 1.62700000e+03]
 [6.50000000e+01 1.09000000e+02 5.95000000e+01 0.00000000e+00
  0.00000000e+00 1.74025000e+03]
 ...
 [7.70000000e+01 1.21000000e+02 7.90000000e+01 0.00000000e+00
  0.00000000e+00 1.62700000e+03]
 [7.70000000e+01 1.21000000e+02 7.90000000e+01 0.00000000e+00
  0.00000000e+00 1.74025000e+03]
 [7.35195072e+01 1.40735455e+02 7.90177960e+01 3.44969199e-01
  4.90075291e-01 1.50675000e+03]]
y_aug:
[0 0 0 ... 0 0 0]
Augmented context for patient 8.0 at eval_time 1740.25:
X_aug:
[[7.35195072e+01 1.40735455e+02 7.90177960e+01 3.44969199e-01
  4.90075291e-01 1.50675000e+03]
 [6.50000000e+01 9.40000000e+01 6.30000000e+01 0.00000000e+00
  0.00000000e+00 1.62700000e+03]
 [6.50000000e+01 1.09000000e+02 5.95000000e+01 0.00000000e+00
  0.00000000e+00 1.74025000e+03]
 ...
 [7.70000000e+01 1.21000000e+02 7.90000000e+01 0.00000000e+00
  0.00000000e+00 1.74025000e+03]
 [7.35195072e+01 1.40735455e+02 7.90177960e+01 3.44969199e-01
  4.90075291e-01 1.50675000e+03]
 [7.50000000e+01 1.85500000e+02 8.05000000e+01 1.00000000e+00
  1.00000000e+00 1.62700000e+03]]
y_aug:
[0 0 0 ... 0 0 0]
Augmented context for patient 11.0 at eval_time 1506.75:
X_aug:
[[7.35195072e+01 1.40735455e+02 7.90177960e+01 3.44969199e-01
  4.90075291e-01 1.50675000e+03]
 [6.50000000e+01 9.40000000e+01 6.30000000e+01 0.00000000e+00
  0.00000000e+00 1.62700000e+03]
 [6.50000000e+01 1.09000000e+02 5.95000000e+01 0.00000000e+00
  0.00000000e+00 1.74025000e+03]
 ...
 [7.35195072e+01 1.40735455e+02 7.90177960e+01 3.44969199e-01
  4.90075291e-01 1.50675000e+03]
 [7.70000000e+01 1.21000000e+02 7.90000000e+01 0.00000000e+00
  0.00000000e+00 1.62700000e+03]
 [7.70000000e+01 1.21000000e+02 7.90000000e+01 0.00000000e+00
  0.00000000e+00 1.74025000e+03]]
y_aug:
[0 0 0 ... 0 0 0]
Augmented context for patient 11.0 at eval_time 1627.0:
X_aug:
[[7.35195072e+01 1.40735455e+02 7.90177960e+01 3.44969199e-01
  4.90075291e-01 1.50675000e+03]
 [6.50000000e+01 9.40000000e+01 6.30000000e+01 0.00000000e+00
  0.00000000e+00 1.62700000e+03]
 [6.50000000e+01 1.09000000e+02 5.95000000e+01 0.00000000e+00
  0.00000000e+00 1.74025000e+03]
 ...
 [7.70000000e+01 1.21000000e+02 7.90000000e+01 0.00000000e+00
  0.00000000e+00 1.62700000e+03]
 [7.70000000e+01 1.21000000e+02 7.90000000e+01 0.00000000e+00
  0.00000000e+00 1.74025000e+03]
 [7.35195072e+01 1.40735455e+02 7.90177960e+01 3.44969199e-01
  4.90075291e-01 1.50675000e+03]]
y_aug:
[0 0 0 ... 0 0 0]
Augmented context for patient 11.0 at eval_time 1740.25:
X_aug:
[[7.35195072e+01 1.40735455e+02 7.90177960e+01 3.44969199e-01
  4.90075291e-01 1.50675000e+03]
 [6.50000000e+01 9.40000000e+01 6.30000000e+01 0.00000000e+00
  0.00000000e+00 1.62700000e+03]
 [6.50000000e+01 1.09000000e+02 5.95000000e+01 0.00000000e+00
  0.00000000e+00 1.74025000e+03]
 ...
 [7.70000000e+01 1.21000000e+02 7.90000000e+01 0.00000000e+00
  0.00000000e+00 1.74025000e+03]
 [7.35195072e+01 1.40735455e+02 7.90177960e+01 3.44969199e-01
  4.90075291e-01 1.50675000e+03]
 [6.80000000e+01 1.23000000e+02 7.75000000e+01 0.00000000e+00
  0.00000000e+00 1.62700000e+03]]
y_aug:
[0 0 0 ... 0 0 0]
Augmented context for patient 12.0 at eval_time 1506.75:
X_aug:
[[7.35195072e+01 1.40735455e+02 7.90177960e+01 3.44969199e-01
  4.90075291e-01 1.50675000e+03]
 [6.50000000e+01 9.40000000e+01 6.30000000e+01 0.00000000e+00
  0.00000000e+00 1.62700000e+03]
 [6.50000000e+01 1.09000000e+02 5.95000000e+01 0.00000000e+00
  0.00000000e+00 1.74025000e+03]
 ...
 [7.35195072e+01 1.40735455e+02 7.90177960e+01 3.44969199e-01
  4.90075291e-01 1.50675000e+03]
 [7.70000000e+01 1.21000000e+02 7.90000000e+01 0.00000000e+00
  0.00000000e+00 1.62700000e+03]
 [7.70000000e+01 1.21000000e+02 7.90000000e+01 0.00000000e+00
  0.00000000e+00 1.74025000e+03]]
y_aug:
[0 0 0 ... 0 0 0]
Augmented context for patient 12.0 at eval_time 1627.0:
X_aug:
[[7.35195072e+01 1.40735455e+02 7.90177960e+01 3.44969199e-01
  4.90075291e-01 1.50675000e+03]
 [6.50000000e+01 9.40000000e+01 6.30000000e+01 0.00000000e+00
  0.00000000e+00 1.62700000e+03]
 [6.50000000e+01 1.09000000e+02 5.95000000e+01 0.00000000e+00
  0.00000000e+00 1.74025000e+03]
 ...
 [7.70000000e+01 1.21000000e+02 7.90000000e+01 0.00000000e+00
  0.00000000e+00 1.62700000e+03]
 [7.70000000e+01 1.21000000e+02 7.90000000e+01 0.00000000e+00
  0.00000000e+00 1.74025000e+03]
 [7.35195072e+01 1.40735455e+02 7.90177960e+01 3.44969199e-01
  4.90075291e-01 1.50675000e+03]]
y_aug:
[0 0 0 ... 0 0 0]
Augmented context for patient 12.0 at eval_time 1740.25:
X_aug:
[[7.35195072e+01 1.40735455e+02 7.90177960e+01 3.44969199e-01
  4.90075291e-01 1.50675000e+03]
 [6.50000000e+01 9.40000000e+01 6.30000000e+01 0.00000000e+00
  0.00000000e+00 1.62700000e+03]
 [6.50000000e+01 1.09000000e+02 5.95000000e+01 0.00000000e+00
  0.00000000e+00 1.74025000e+03]
 ...
 [7.70000000e+01 1.21000000e+02 7.90000000e+01 0.00000000e+00
  0.00000000e+00 1.74025000e+03]
 [7.35195072e+01 1.40735455e+02 7.90177960e+01 3.44969199e-01
  4.90075291e-01 1.50675000e+03]
 [7.80000000e+01 1.49000000e+02 8.80000000e+01 0.00000000e+00
  0.00000000e+00 1.62700000e+03]]
y_aug:
[0 0 0 ... 0 0 0]
Augmented context for patient 19.0 at eval_time 1506.75:
X_aug:
[[7.35195072e+01 1.40735455e+02 7.90177960e+01 3.44969199e-01
  4.90075291e-01 1.50675000e+03]
 [6.50000000e+01 9.40000000e+01 6.30000000e+01 0.00000000e+00
  0.00000000e+00 1.62700000e+03]
 [6.50000000e+01 1.09000000e+02 5.95000000e+01 0.00000000e+00
  0.00000000e+00 1.74025000e+03]
 ...
 [7.35195072e+01 1.40735455e+02 7.90177960e+01 3.44969199e-01
  4.90075291e-01 1.50675000e+03]
 [7.70000000e+01 1.21000000e+02 7.90000000e+01 0.00000000e+00
  0.00000000e+00 1.62700000e+03]
 [7.70000000e+01 1.21000000e+02 7.90000000e+01 0.00000000e+00
  0.00000000e+00 1.74025000e+03]]
y_aug:
[0 0 0 ... 0 0 0]
Augmented context for patient 19.0 at eval_time 1627.0:
X_aug:
[[7.35195072e+01 1.40735455e+02 7.90177960e+01 3.44969199e-01
  4.90075291e-01 1.50675000e+03]
 [6.50000000e+01 9.40000000e+01 6.30000000e+01 0.00000000e+00
  0.00000000e+00 1.62700000e+03]
 [6.50000000e+01 1.09000000e+02 5.95000000e+01 0.00000000e+00
  0.00000000e+00 1.74025000e+03]
 ...
 [7.70000000e+01 1.21000000e+02 7.90000000e+01 0.00000000e+00
  0.00000000e+00 1.62700000e+03]
 [7.70000000e+01 1.21000000e+02 7.90000000e+01 0.00000000e+00
  0.00000000e+00 1.74025000e+03]
 [7.35195072e+01 1.40735455e+02 7.90177960e+01 3.44969199e-01
  4.90075291e-01 1.50675000e+03]]
y_aug:
[0 0 0 ... 0 0 0]
Augmented context for patient 19.0 at eval_time 1740.25:
X_aug:
[[7.35195072e+01 1.40735455e+02 7.90177960e+01 3.44969199e-01
  4.90075291e-01 1.50675000e+03]
 [6.50000000e+01 9.40000000e+01 6.30000000e+01 0.00000000e+00
  0.00000000e+00 1.62700000e+03]
 [6.50000000e+01 1.09000000e+02 5.95000000e+01 0.00000000e+00
  0.00000000e+00 1.74025000e+03]
 ...
 [7.70000000e+01 1.21000000e+02 7.90000000e+01 0.00000000e+00
  0.00000000e+00 1.74025000e+03]
 [7.35195072e+01 1.40735455e+02 7.90177960e+01 3.44969199e-01
  4.90075291e-01 1.50675000e+03]
 [6.70000000e+01 1.09500000e+02 6.50000000e+01 0.00000000e+00
  0.00000000e+00 1.62700000e+03]]
y_aug:
[0 0 0 ... 0 0 0]
Augmented context for patient 25.0 at eval_time 1506.75:
X_aug:
[[7.35195072e+01 1.40735455e+02 7.90177960e+01 3.44969199e-01
  4.90075291e-01 1.50675000e+03]
 [6.50000000e+01 9.40000000e+01 6.30000000e+01 0.00000000e+00
  0.00000000e+00 1.62700000e+03]
 [6.50000000e+01 1.09000000e+02 5.95000000e+01 0.00000000e+00
  0.00000000e+00 1.74025000e+03]
 ...
 [7.35195072e+01 1.40735455e+02 7.90177960e+01 3.44969199e-01
  4.90075291e-01 1.50675000e+03]
 [7.70000000e+01 1.21000000e+02 7.90000000e+01 0.00000000e+00
  0.00000000e+00 1.62700000e+03]
 [7.70000000e+01 1.21000000e+02 7.90000000e+01 0.00000000e+00
  0.00000000e+00 1.74025000e+03]]
y_aug:
[0 0 0 ... 0 0 0]
Augmented context for patient 25.0 at eval_time 1627.0:
X_aug:
[[7.35195072e+01 1.40735455e+02 7.90177960e+01 3.44969199e-01
  4.90075291e-01 1.50675000e+03]
 [6.50000000e+01 9.40000000e+01 6.30000000e+01 0.00000000e+00
  0.00000000e+00 1.62700000e+03]
 [6.50000000e+01 1.09000000e+02 5.95000000e+01 0.00000000e+00
  0.00000000e+00 1.74025000e+03]
 ...
 [7.70000000e+01 1.21000000e+02 7.90000000e+01 0.00000000e+00
  0.00000000e+00 1.62700000e+03]
 [7.70000000e+01 1.21000000e+02 7.90000000e+01 0.00000000e+00
  0.00000000e+00 1.74025000e+03]
 [7.35195072e+01 1.40735455e+02 7.90177960e+01 3.44969199e-01
  4.90075291e-01 1.50675000e+03]]
y_aug:
[0 0 0 ... 0 0 0]
Augmented context for patient 25.0 at eval_time 1740.25:
X_aug:
[[7.35195072e+01 1.40735455e+02 7.90177960e+01 3.44969199e-01
  4.90075291e-01 1.50675000e+03]
 [6.50000000e+01 9.40000000e+01 6.30000000e+01 0.00000000e+00
  0.00000000e+00 1.62700000e+03]
 [6.50000000e+01 1.09000000e+02 5.95000000e+01 0.00000000e+00
  0.00000000e+00 1.74025000e+03]
 ...
 [7.70000000e+01 1.21000000e+02 7.90000000e+01 0.00000000e+00
  0.00000000e+00 1.74025000e+03]
 [7.35195072e+01 1.40735455e+02 7.90177960e+01 3.44969199e-01
  4.90075291e-01 1.50675000e+03]
 [7.80000000e+01 1.65500000e+02 9.35000000e+01 0.00000000e+00
  0.00000000e+00 1.62700000e+03]]
y_aug:
[0 0 0 ... 0 0 0]
Augmented context for patient 29.0 at eval_time 1506.75:
X_aug:
[[7.35195072e+01 1.40735455e+02 7.90177960e+01 3.44969199e-01
  4.90075291e-01 1.50675000e+03]
 [6.50000000e+01 9.40000000e+01 6.30000000e+01 0.00000000e+00
  0.00000000e+00 1.62700000e+03]
 [6.50000000e+01 1.09000000e+02 5.95000000e+01 0.00000000e+00
  0.00000000e+00 1.74025000e+03]
 ...
 [7.35195072e+01 1.40735455e+02 7.90177960e+01 3.44969199e-01
  4.90075291e-01 1.50675000e+03]
 [7.70000000e+01 1.21000000e+02 7.90000000e+01 0.00000000e+00
  0.00000000e+00 1.62700000e+03]
 [7.70000000e+01 1.21000000e+02 7.90000000e+01 0.00000000e+00
  0.00000000e+00 1.74025000e+03]]
y_aug:
[0 0 0 ... 0 0 0]
Augmented context for patient 29.0 at eval_time 1627.0:
X_aug:
[[7.35195072e+01 1.40735455e+02 7.90177960e+01 3.44969199e-01
  4.90075291e-01 1.50675000e+03]
 [6.50000000e+01 9.40000000e+01 6.30000000e+01 0.00000000e+00
  0.00000000e+00 1.62700000e+03]
 [6.50000000e+01 1.09000000e+02 5.95000000e+01 0.00000000e+00
  0.00000000e+00 1.74025000e+03]
 ...
 [7.70000000e+01 1.21000000e+02 7.90000000e+01 0.00000000e+00
  0.00000000e+00 1.62700000e+03]
 [7.70000000e+01 1.21000000e+02 7.90000000e+01 0.00000000e+00
  0.00000000e+00 1.74025000e+03]
 [7.35195072e+01 1.40735455e+02 7.90177960e+01 3.44969199e-01
  4.90075291e-01 1.50675000e+03]]
y_aug:
[0 0 0 ... 0 0 0]
Augmented context for patient 29.0 at eval_time 1740.25:
X_aug:
[[7.35195072e+01 1.40735455e+02 7.90177960e+01 3.44969199e-01
  4.90075291e-01 1.50675000e+03]
 [6.50000000e+01 9.40000000e+01 6.30000000e+01 0.00000000e+00
  0.00000000e+00 1.62700000e+03]
 [6.50000000e+01 1.09000000e+02 5.95000000e+01 0.00000000e+00
  0.00000000e+00 1.74025000e+03]
 ...
 [7.70000000e+01 1.21000000e+02 7.90000000e+01 0.00000000e+00
  0.00000000e+00 1.74025000e+03]
 [7.35195072e+01 1.40735455e+02 7.90177960e+01 3.44969199e-01
  4.90075291e-01 1.50675000e+03]
 [7.80000000e+01 1.35500000e+02 8.55000000e+01 0.00000000e+00
  1.00000000e+00 1.62700000e+03]]
y_aug:
[0 0 0 ... 0 0 0]
Augmented context for patient 30.0 at eval_time 1506.75:
X_aug:
[[7.35195072e+01 1.40735455e+02 7.90177960e+01 3.44969199e-01
  4.90075291e-01 1.50675000e+03]
 [6.50000000e+01 9.40000000e+01 6.30000000e+01 0.00000000e+00
  0.00000000e+00 1.62700000e+03]
 [6.50000000e+01 1.09000000e+02 5.95000000e+01 0.00000000e+00
  0.00000000e+00 1.74025000e+03]
 ...
 [7.35195072e+01 1.40735455e+02 7.90177960e+01 3.44969199e-01
  4.90075291e-01 1.50675000e+03]
 [7.70000000e+01 1.21000000e+02 7.90000000e+01 0.00000000e+00
  0.00000000e+00 1.62700000e+03]
 [7.70000000e+01 1.21000000e+02 7.90000000e+01 0.00000000e+00
  0.00000000e+00 1.74025000e+03]]
y_aug:
[0 0 0 ... 0 0 0]
Augmented context for patient 30.0 at eval_time 1627.0:
X_aug:
[[7.35195072e+01 1.40735455e+02 7.90177960e+01 3.44969199e-01
  4.90075291e-01 1.50675000e+03]
 [6.50000000e+01 9.40000000e+01 6.30000000e+01 0.00000000e+00
  0.00000000e+00 1.62700000e+03]
 [6.50000000e+01 1.09000000e+02 5.95000000e+01 0.00000000e+00
  0.00000000e+00 1.74025000e+03]
 ...
 [7.70000000e+01 1.21000000e+02 7.90000000e+01 0.00000000e+00
  0.00000000e+00 1.62700000e+03]
 [7.70000000e+01 1.21000000e+02 7.90000000e+01 0.00000000e+00
  0.00000000e+00 1.74025000e+03]
 [7.35195072e+01 1.40735455e+02 7.90177960e+01 3.44969199e-01
  4.90075291e-01 1.50675000e+03]]
y_aug:
[0 0 0 ... 0 0 0]
Augmented context for patient 30.0 at eval_time 1740.25:
X_aug:
[[7.35195072e+01 1.40735455e+02 7.90177960e+01 3.44969199e-01
  4.90075291e-01 1.50675000e+03]
 [6.50000000e+01 9.40000000e+01 6.30000000e+01 0.00000000e+00
  0.00000000e+00 1.62700000e+03]
 [6.50000000e+01 1.09000000e+02 5.95000000e+01 0.00000000e+00
  0.00000000e+00 1.74025000e+03]
 ...
 [7.70000000e+01 1.21000000e+02 7.90000000e+01 0.00000000e+00
  0.00000000e+00 1.74025000e+03]
 [7.35195072e+01 1.40735455e+02 7.90177960e+01 3.44969199e-01
  4.90075291e-01 1.50675000e+03]
 [7.80000000e+01 1.29500000e+02 6.75000000e+01 0.00000000e+00
  0.00000000e+00 1.62700000e+03]]
y_aug:
[0 0 0 ... 0 0 0]
Augmented context for patient 31.0 at eval_time 1506.75:
X_aug:
[[7.35195072e+01 1.40735455e+02 7.90177960e+01 3.44969199e-01
  4.90075291e-01 1.50675000e+03]
 [6.50000000e+01 9.40000000e+01 6.30000000e+01 0.00000000e+00
  0.00000000e+00 1.62700000e+03]
 [6.50000000e+01 1.09000000e+02 5.95000000e+01 0.00000000e+00
  0.00000000e+00 1.74025000e+03]
 ...
 [7.35195072e+01 1.40735455e+02 7.90177960e+01 3.44969199e-01
  4.90075291e-01 1.50675000e+03]
 [7.70000000e+01 1.21000000e+02 7.90000000e+01 0.00000000e+00
  0.00000000e+00 1.62700000e+03]
 [7.70000000e+01 1.21000000e+02 7.90000000e+01 0.00000000e+00
  0.00000000e+00 1.74025000e+03]]
y_aug:
[0 0 0 ... 0 0 0]
Augmented context for patient 31.0 at eval_time 1627.0:
X_aug:
[[7.35195072e+01 1.40735455e+02 7.90177960e+01 3.44969199e-01
  4.90075291e-01 1.50675000e+03]
 [6.50000000e+01 9.40000000e+01 6.30000000e+01 0.00000000e+00
  0.00000000e+00 1.62700000e+03]
 [6.50000000e+01 1.09000000e+02 5.95000000e+01 0.00000000e+00
  0.00000000e+00 1.74025000e+03]
 ...
 [7.70000000e+01 1.21000000e+02 7.90000000e+01 0.00000000e+00
  0.00000000e+00 1.62700000e+03]
 [7.70000000e+01 1.21000000e+02 7.90000000e+01 0.00000000e+00
  0.00000000e+00 1.74025000e+03]
 [7.35195072e+01 1.40735455e+02 7.90177960e+01 3.44969199e-01
  4.90075291e-01 1.50675000e+03]]
y_aug:
[0 0 0 ... 0 0 0]
Augmented context for patient 31.0 at eval_time 1740.25:
X_aug:
[[7.35195072e+01 1.40735455e+02 7.90177960e+01 3.44969199e-01
  4.90075291e-01 1.50675000e+03]
 [6.50000000e+01 9.40000000e+01 6.30000000e+01 0.00000000e+00
  0.00000000e+00 1.62700000e+03]
 [6.50000000e+01 1.09000000e+02 5.95000000e+01 0.00000000e+00
  0.00000000e+00 1.74025000e+03]
 ...
 [7.70000000e+01 1.21000000e+02 7.90000000e+01 0.00000000e+00
  0.00000000e+00 1.74025000e+03]
 [7.35195072e+01 1.40735455e+02 7.90177960e+01 3.44969199e-01
  4.90075291e-01 1.50675000e+03]
 [7.10000000e+01 1.05000000e+02 7.35000000e+01 0.00000000e+00
  0.00000000e+00 1.62700000e+03]]
y_aug:
[0 0 0 ... 0 0 0]
Augmented context for patient 32.0 at eval_time 1506.75:
X_aug:
[[7.35195072e+01 1.40735455e+02 7.90177960e+01 3.44969199e-01
  4.90075291e-01 1.50675000e+03]
 [6.50000000e+01 9.40000000e+01 6.30000000e+01 0.00000000e+00
  0.00000000e+00 1.62700000e+03]
 [6.50000000e+01 1.09000000e+02 5.95000000e+01 0.00000000e+00
  0.00000000e+00 1.74025000e+03]
 ...
 [7.35195072e+01 1.40735455e+02 7.90177960e+01 3.44969199e-01
  4.90075291e-01 1.50675000e+03]
 [7.70000000e+01 1.21000000e+02 7.90000000e+01 0.00000000e+00
  0.00000000e+00 1.62700000e+03]
 [7.70000000e+01 1.21000000e+02 7.90000000e+01 0.00000000e+00
  0.00000000e+00 1.74025000e+03]]
y_aug:
[0 0 0 ... 0 0 0]
Augmented context for patient 32.0 at eval_time 1627.0:
X_aug:
[[7.35195072e+01 1.40735455e+02 7.90177960e+01 3.44969199e-01
  4.90075291e-01 1.50675000e+03]
 [6.50000000e+01 9.40000000e+01 6.30000000e+01 0.00000000e+00
  0.00000000e+00 1.62700000e+03]
 [6.50000000e+01 1.09000000e+02 5.95000000e+01 0.00000000e+00
  0.00000000e+00 1.74025000e+03]
 ...
 [7.70000000e+01 1.21000000e+02 7.90000000e+01 0.00000000e+00
  0.00000000e+00 1.62700000e+03]
 [7.70000000e+01 1.21000000e+02 7.90000000e+01 0.00000000e+00
  0.00000000e+00 1.74025000e+03]
 [7.35195072e+01 1.40735455e+02 7.90177960e+01 3.44969199e-01
  4.90075291e-01 1.50675000e+03]]
y_aug:
[0 0 0 ... 0 0 0]
Augmented context for patient 32.0 at eval_time 1740.25:
X_aug:
[[7.35195072e+01 1.40735455e+02 7.90177960e+01 3.44969199e-01
  4.90075291e-01 1.50675000e+03]
 [6.50000000e+01 9.40000000e+01 6.30000000e+01 0.00000000e+00
  0.00000000e+00 1.62700000e+03]
 [6.50000000e+01 1.09000000e+02 5.95000000e+01 0.00000000e+00
  0.00000000e+00 1.74025000e+03]
 ...
 [7.70000000e+01 1.21000000e+02 7.90000000e+01 0.00000000e+00
  0.00000000e+00 1.74025000e+03]
 [7.35195072e+01 1.40735455e+02 7.90177960e+01 3.44969199e-01
  4.90075291e-01 1.50675000e+03]
 [7.50000000e+01 1.28500000e+02 7.75000000e+01 0.00000000e+00
  1.00000000e+00 1.62700000e+03]]
y_aug:
[0 0 0 ... 0 0 0]
Augmented context for patient 40.0 at eval_time 1506.75:
X_aug:
[[7.35195072e+01 1.40735455e+02 7.90177960e+01 3.44969199e-01
  4.90075291e-01 1.50675000e+03]
 [6.50000000e+01 9.40000000e+01 6.30000000e+01 0.00000000e+00
  0.00000000e+00 1.62700000e+03]
 [6.50000000e+01 1.09000000e+02 5.95000000e+01 0.00000000e+00
  0.00000000e+00 1.74025000e+03]
 ...
 [7.35195072e+01 1.40735455e+02 7.90177960e+01 3.44969199e-01
  4.90075291e-01 1.50675000e+03]
 [7.70000000e+01 1.21000000e+02 7.90000000e+01 0.00000000e+00
  0.00000000e+00 1.62700000e+03]
 [7.70000000e+01 1.21000000e+02 7.90000000e+01 0.00000000e+00
  0.00000000e+00 1.74025000e+03]]
y_aug:
[0 0 0 ... 0 0 0]
Augmented context for patient 40.0 at eval_time 1627.0:
X_aug:
[[7.35195072e+01 1.40735455e+02 7.90177960e+01 3.44969199e-01
  4.90075291e-01 1.50675000e+03]
 [6.50000000e+01 9.40000000e+01 6.30000000e+01 0.00000000e+00
  0.00000000e+00 1.62700000e+03]
 [6.50000000e+01 1.09000000e+02 5.95000000e+01 0.00000000e+00
  0.00000000e+00 1.74025000e+03]
 ...
 [7.70000000e+01 1.21000000e+02 7.90000000e+01 0.00000000e+00
  0.00000000e+00 1.62700000e+03]
 [7.70000000e+01 1.21000000e+02 7.90000000e+01 0.00000000e+00
  0.00000000e+00 1.74025000e+03]
 [7.35195072e+01 1.40735455e+02 7.90177960e+01 3.44969199e-01
  4.90075291e-01 1.50675000e+03]]
y_aug:
[0 0 0 ... 0 0 0]
Augmented context for patient 40.0 at eval_time 1740.25:
X_aug:
[[7.35195072e+01 1.40735455e+02 7.90177960e+01 3.44969199e-01
  4.90075291e-01 1.50675000e+03]
 [6.50000000e+01 9.40000000e+01 6.30000000e+01 0.00000000e+00
  0.00000000e+00 1.62700000e+03]
 [6.50000000e+01 1.09000000e+02 5.95000000e+01 0.00000000e+00
  0.00000000e+00 1.74025000e+03]
 ...
 [7.70000000e+01 1.21000000e+02 7.90000000e+01 0.00000000e+00
  0.00000000e+00 1.74025000e+03]
 [7.35195072e+01 1.40735455e+02 7.90177960e+01 3.44969199e-01
  4.90075291e-01 1.50675000e+03]
 [8.30000000e+01 1.67500000e+02 8.15000000e+01 0.00000000e+00
  1.00000000e+00 1.62700000e+03]]
y_aug:
[0 0 0 ... 0 0 0]
Augmented context for patient 42.0 at eval_time 1506.75:
X_aug:
[[7.35195072e+01 1.40735455e+02 7.90177960e+01 3.44969199e-01
  4.90075291e-01 1.50675000e+03]
 [6.50000000e+01 9.40000000e+01 6.30000000e+01 0.00000000e+00
  0.00000000e+00 1.62700000e+03]
 [6.50000000e+01 1.09000000e+02 5.95000000e+01 0.00000000e+00
  0.00000000e+00 1.74025000e+03]
 ...
 [7.35195072e+01 1.40735455e+02 7.90177960e+01 3.44969199e-01
  4.90075291e-01 1.50675000e+03]
 [7.70000000e+01 1.21000000e+02 7.90000000e+01 0.00000000e+00
  0.00000000e+00 1.62700000e+03]
 [7.70000000e+01 1.21000000e+02 7.90000000e+01 0.00000000e+00
  0.00000000e+00 1.74025000e+03]]
y_aug:
[0 0 0 ... 0 0 0]
Augmented context for patient 42.0 at eval_time 1627.0:
X_aug:
[[7.35195072e+01 1.40735455e+02 7.90177960e+01 3.44969199e-01
  4.90075291e-01 1.50675000e+03]
 [6.50000000e+01 9.40000000e+01 6.30000000e+01 0.00000000e+00
  0.00000000e+00 1.62700000e+03]
 [6.50000000e+01 1.09000000e+02 5.95000000e+01 0.00000000e+00
  0.00000000e+00 1.74025000e+03]
 ...
 [7.70000000e+01 1.21000000e+02 7.90000000e+01 0.00000000e+00
  0.00000000e+00 1.62700000e+03]
 [7.70000000e+01 1.21000000e+02 7.90000000e+01 0.00000000e+00
  0.00000000e+00 1.74025000e+03]
 [7.35195072e+01 1.40735455e+02 7.90177960e+01 3.44969199e-01
  4.90075291e-01 1.50675000e+03]]
y_aug:
[0 0 0 ... 0 0 0]
Augmented context for patient 42.0 at eval_time 1740.25:
X_aug:
[[7.35195072e+01 1.40735455e+02 7.90177960e+01 3.44969199e-01
  4.90075291e-01 1.50675000e+03]
 [6.50000000e+01 9.40000000e+01 6.30000000e+01 0.00000000e+00
  0.00000000e+00 1.62700000e+03]
 [6.50000000e+01 1.09000000e+02 5.95000000e+01 0.00000000e+00
  0.00000000e+00 1.74025000e+03]
 ...
 [7.70000000e+01 1.21000000e+02 7.90000000e+01 0.00000000e+00
  0.00000000e+00 1.74025000e+03]
 [7.35195072e+01 1.40735455e+02 7.90177960e+01 3.44969199e-01
  4.90075291e-01 1.50675000e+03]
 [6.90000000e+01 1.45500000e+02 8.70000000e+01 0.00000000e+00
  1.00000000e+00 1.62700000e+03]]
y_aug:
[0 0 0 ... 0 0 0]
Augmented context for patient 43.0 at eval_time 1506.75:
X_aug:
[[7.35195072e+01 1.40735455e+02 7.90177960e+01 3.44969199e-01
  4.90075291e-01 1.50675000e+03]
 [6.50000000e+01 9.40000000e+01 6.30000000e+01 0.00000000e+00
  0.00000000e+00 1.62700000e+03]
 [6.50000000e+01 1.09000000e+02 5.95000000e+01 0.00000000e+00
  0.00000000e+00 1.74025000e+03]
 ...
 [7.35195072e+01 1.40735455e+02 7.90177960e+01 3.44969199e-01
  4.90075291e-01 1.50675000e+03]
 [7.70000000e+01 1.21000000e+02 7.90000000e+01 0.00000000e+00
  0.00000000e+00 1.62700000e+03]
 [7.70000000e+01 1.21000000e+02 7.90000000e+01 0.00000000e+00
  0.00000000e+00 1.74025000e+03]]
y_aug:
[0 0 0 ... 0 0 0]
Augmented context for patient 43.0 at eval_time 1627.0:
X_aug:
[[7.35195072e+01 1.40735455e+02 7.90177960e+01 3.44969199e-01
  4.90075291e-01 1.50675000e+03]
 [6.50000000e+01 9.40000000e+01 6.30000000e+01 0.00000000e+00
  0.00000000e+00 1.62700000e+03]
 [6.50000000e+01 1.09000000e+02 5.95000000e+01 0.00000000e+00
  0.00000000e+00 1.74025000e+03]
 ...
 [7.70000000e+01 1.21000000e+02 7.90000000e+01 0.00000000e+00
  0.00000000e+00 1.62700000e+03]
 [7.70000000e+01 1.21000000e+02 7.90000000e+01 0.00000000e+00
  0.00000000e+00 1.74025000e+03]
 [7.35195072e+01 1.40735455e+02 7.90177960e+01 3.44969199e-01
  4.90075291e-01 1.50675000e+03]]
y_aug:
[0 0 0 ... 0 0 0]
Augmented context for patient 43.0 at eval_time 1740.25:
X_aug:
[[7.35195072e+01 1.40735455e+02 7.90177960e+01 3.44969199e-01
  4.90075291e-01 1.50675000e+03]
 [6.50000000e+01 9.40000000e+01 6.30000000e+01 0.00000000e+00
  0.00000000e+00 1.62700000e+03]
 [6.50000000e+01 1.09000000e+02 5.95000000e+01 0.00000000e+00
  0.00000000e+00 1.74025000e+03]
 ...
 [7.70000000e+01 1.21000000e+02 7.90000000e+01 0.00000000e+00
  0.00000000e+00 1.74025000e+03]
 [7.35195072e+01 1.40735455e+02 7.90177960e+01 3.44969199e-01
  4.90075291e-01 1.50675000e+03]
 [7.90000000e+01 1.43000000e+02 7.10000000e+01 0.00000000e+00
  1.00000000e+00 1.62700000e+03]]
y_aug:
[0 0 0 ... 0 0 0]
Augmented context for patient 44.0 at eval_time 1506.75:
X_aug:
[[7.35195072e+01 1.40735455e+02 7.90177960e+01 3.44969199e-01
  4.90075291e-01 1.50675000e+03]
 [6.50000000e+01 9.40000000e+01 6.30000000e+01 0.00000000e+00
  0.00000000e+00 1.62700000e+03]
 [6.50000000e+01 1.09000000e+02 5.95000000e+01 0.00000000e+00
  0.00000000e+00 1.74025000e+03]
 ...
 [7.35195072e+01 1.40735455e+02 7.90177960e+01 3.44969199e-01
  4.90075291e-01 1.50675000e+03]
 [7.70000000e+01 1.21000000e+02 7.90000000e+01 0.00000000e+00
  0.00000000e+00 1.62700000e+03]
 [7.70000000e+01 1.21000000e+02 7.90000000e+01 0.00000000e+00
  0.00000000e+00 1.74025000e+03]]
y_aug:
[0 0 0 ... 0 0 0]
Augmented context for patient 44.0 at eval_time 1627.0:
X_aug:
[[7.35195072e+01 1.40735455e+02 7.90177960e+01 3.44969199e-01
  4.90075291e-01 1.50675000e+03]
 [6.50000000e+01 9.40000000e+01 6.30000000e+01 0.00000000e+00
  0.00000000e+00 1.62700000e+03]
 [6.50000000e+01 1.09000000e+02 5.95000000e+01 0.00000000e+00
  0.00000000e+00 1.74025000e+03]
 ...
 [7.70000000e+01 1.21000000e+02 7.90000000e+01 0.00000000e+00
  0.00000000e+00 1.62700000e+03]
 [7.70000000e+01 1.21000000e+02 7.90000000e+01 0.00000000e+00
  0.00000000e+00 1.74025000e+03]
 [7.35195072e+01 1.40735455e+02 7.90177960e+01 3.44969199e-01
  4.90075291e-01 1.50675000e+03]]
y_aug:
[0 0 0 ... 0 0 0]
Augmented context for patient 44.0 at eval_time 1740.25:
X_aug:
[[7.35195072e+01 1.40735455e+02 7.90177960e+01 3.44969199e-01
  4.90075291e-01 1.50675000e+03]
 [6.50000000e+01 9.40000000e+01 6.30000000e+01 0.00000000e+00
  0.00000000e+00 1.62700000e+03]
 [6.50000000e+01 1.09000000e+02 5.95000000e+01 0.00000000e+00
  0.00000000e+00 1.74025000e+03]
 ...
 [7.70000000e+01 1.21000000e+02 7.90000000e+01 0.00000000e+00
  0.00000000e+00 1.74025000e+03]
 [7.35195072e+01 1.40735455e+02 7.90177960e+01 3.44969199e-01
  4.90075291e-01 1.50675000e+03]
 [8.00000000e+01 1.47000000e+02 7.65000000e+01 0.00000000e+00
  0.00000000e+00 1.62700000e+03]]
y_aug:
[0 0 0 ... 0 0 0]
Augmented context for patient 45.0 at eval_time 1506.75:
X_aug:
[[7.35195072e+01 1.40735455e+02 7.90177960e+01 3.44969199e-01
  4.90075291e-01 1.50675000e+03]
 [6.50000000e+01 9.40000000e+01 6.30000000e+01 0.00000000e+00
  0.00000000e+00 1.62700000e+03]
 [6.50000000e+01 1.09000000e+02 5.95000000e+01 0.00000000e+00
  0.00000000e+00 1.74025000e+03]
 ...
 [7.35195072e+01 1.40735455e+02 7.90177960e+01 3.44969199e-01
  4.90075291e-01 1.50675000e+03]
 [7.70000000e+01 1.21000000e+02 7.90000000e+01 0.00000000e+00
  0.00000000e+00 1.62700000e+03]
 [7.70000000e+01 1.21000000e+02 7.90000000e+01 0.00000000e+00
  0.00000000e+00 1.74025000e+03]]
y_aug:
[0 0 0 ... 0 0 0]
Augmented context for patient 45.0 at eval_time 1627.0:
X_aug:
[[7.35195072e+01 1.40735455e+02 7.90177960e+01 3.44969199e-01
  4.90075291e-01 1.50675000e+03]
 [6.50000000e+01 9.40000000e+01 6.30000000e+01 0.00000000e+00
  0.00000000e+00 1.62700000e+03]
 [6.50000000e+01 1.09000000e+02 5.95000000e+01 0.00000000e+00
  0.00000000e+00 1.74025000e+03]
 ...
 [7.70000000e+01 1.21000000e+02 7.90000000e+01 0.00000000e+00
  0.00000000e+00 1.62700000e+03]
 [7.70000000e+01 1.21000000e+02 7.90000000e+01 0.00000000e+00
  0.00000000e+00 1.74025000e+03]
 [7.35195072e+01 1.40735455e+02 7.90177960e+01 3.44969199e-01
  4.90075291e-01 1.50675000e+03]]
y_aug:
[0 0 0 ... 0 0 0]
Augmented context for patient 45.0 at eval_time 1740.25:
X_aug:
[[7.35195072e+01 1.40735455e+02 7.90177960e+01 3.44969199e-01
  4.90075291e-01 1.50675000e+03]
 [6.50000000e+01 9.40000000e+01 6.30000000e+01 0.00000000e+00
  0.00000000e+00 1.62700000e+03]
 [6.50000000e+01 1.09000000e+02 5.95000000e+01 0.00000000e+00
  0.00000000e+00 1.74025000e+03]
 ...
 [7.70000000e+01 1.21000000e+02 7.90000000e+01 0.00000000e+00
  0.00000000e+00 1.74025000e+03]
 [7.35195072e+01 1.40735455e+02 7.90177960e+01 3.44969199e-01
  4.90075291e-01 1.50675000e+03]
 [7.50000000e+01 1.58000000e+02 7.80000000e+01 0.00000000e+00
  1.00000000e+00 1.62700000e+03]]
y_aug:
[0 0 0 ... 0 0 0]
Augmented context for patient 50.0 at eval_time 1506.75:
X_aug:
[[7.35195072e+01 1.40735455e+02 7.90177960e+01 3.44969199e-01
  4.90075291e-01 1.50675000e+03]
 [6.50000000e+01 9.40000000e+01 6.30000000e+01 0.00000000e+00
  0.00000000e+00 1.62700000e+03]
 [6.50000000e+01 1.09000000e+02 5.95000000e+01 0.00000000e+00
  0.00000000e+00 1.74025000e+03]
 ...
 [7.35195072e+01 1.40735455e+02 7.90177960e+01 3.44969199e-01
  4.90075291e-01 1.50675000e+03]
 [7.70000000e+01 1.21000000e+02 7.90000000e+01 0.00000000e+00
  0.00000000e+00 1.62700000e+03]
 [7.70000000e+01 1.21000000e+02 7.90000000e+01 0.00000000e+00
  0.00000000e+00 1.74025000e+03]]
y_aug:
[0 0 0 ... 0 0 0]
Augmented context for patient 50.0 at eval_time 1627.0:
X_aug:
[[7.35195072e+01 1.40735455e+02 7.90177960e+01 3.44969199e-01
  4.90075291e-01 1.50675000e+03]
 [6.50000000e+01 9.40000000e+01 6.30000000e+01 0.00000000e+00
  0.00000000e+00 1.62700000e+03]
 [6.50000000e+01 1.09000000e+02 5.95000000e+01 0.00000000e+00
  0.00000000e+00 1.74025000e+03]
 ...
 [7.70000000e+01 1.21000000e+02 7.90000000e+01 0.00000000e+00
  0.00000000e+00 1.62700000e+03]
 [7.70000000e+01 1.21000000e+02 7.90000000e+01 0.00000000e+00
  0.00000000e+00 1.74025000e+03]
 [7.35195072e+01 1.40735455e+02 7.90177960e+01 3.44969199e-01
  4.90075291e-01 1.50675000e+03]]
y_aug:
[0 0 0 ... 0 0 0]
Augmented context for patient 50.0 at eval_time 1740.25:
X_aug:
[[7.35195072e+01 1.40735455e+02 7.90177960e+01 3.44969199e-01
  4.90075291e-01 1.50675000e+03]
 [6.50000000e+01 9.40000000e+01 6.30000000e+01 0.00000000e+00
  0.00000000e+00 1.62700000e+03]
 [6.50000000e+01 1.09000000e+02 5.95000000e+01 0.00000000e+00
  0.00000000e+00 1.74025000e+03]
 ...
 [7.70000000e+01 1.21000000e+02 7.90000000e+01 0.00000000e+00
  0.00000000e+00 1.74025000e+03]
 [7.35195072e+01 1.40735455e+02 7.90177960e+01 3.44969199e-01
  4.90075291e-01 1.50675000e+03]
 [7.60000000e+01 1.12500000e+02 7.00000000e+01 1.00000000e+00
  1.00000000e+00 1.62700000e+03]]
y_aug:
[0 0 0 ... 0 0 0]
Augmented context for patient 52.0 at eval_time 1506.75:
X_aug:
[[7.35195072e+01 1.40735455e+02 7.90177960e+01 3.44969199e-01
  4.90075291e-01 1.50675000e+03]
 [6.50000000e+01 9.40000000e+01 6.30000000e+01 0.00000000e+00
  0.00000000e+00 1.62700000e+03]
 [6.50000000e+01 1.09000000e+02 5.95000000e+01 0.00000000e+00
  0.00000000e+00 1.74025000e+03]
 ...
 [7.35195072e+01 1.40735455e+02 7.90177960e+01 3.44969199e-01
  4.90075291e-01 1.50675000e+03]
 [7.70000000e+01 1.21000000e+02 7.90000000e+01 0.00000000e+00
  0.00000000e+00 1.62700000e+03]
 [7.70000000e+01 1.21000000e+02 7.90000000e+01 0.00000000e+00
  0.00000000e+00 1.74025000e+03]]
y_aug:
[0 0 0 ... 0 0 0]
Augmented context for patient 52.0 at eval_time 1627.0:
X_aug:
[[7.35195072e+01 1.40735455e+02 7.90177960e+01 3.44969199e-01
  4.90075291e-01 1.50675000e+03]
 [6.50000000e+01 9.40000000e+01 6.30000000e+01 0.00000000e+00
  0.00000000e+00 1.62700000e+03]
 [6.50000000e+01 1.09000000e+02 5.95000000e+01 0.00000000e+00
  0.00000000e+00 1.74025000e+03]
 ...
 [7.70000000e+01 1.21000000e+02 7.90000000e+01 0.00000000e+00
  0.00000000e+00 1.62700000e+03]
 [7.70000000e+01 1.21000000e+02 7.90000000e+01 0.00000000e+00
  0.00000000e+00 1.74025000e+03]
 [7.35195072e+01 1.40735455e+02 7.90177960e+01 3.44969199e-01
  4.90075291e-01 1.50675000e+03]]
y_aug:
[0 0 0 ... 0 0 0]
Augmented context for patient 55.0 at eval_time 1506.75:
X_aug:
[[7.35195072e+01 1.40735455e+02 7.90177960e+01 3.44969199e-01
  4.90075291e-01 1.50675000e+03]
 [6.50000000e+01 9.40000000e+01 6.30000000e+01 0.00000000e+00
  0.00000000e+00 1.62700000e+03]
 [6.50000000e+01 1.09000000e+02 5.95000000e+01 0.00000000e+00
  0.00000000e+00 1.74025000e+03]
 ...
 [7.35195072e+01 1.40735455e+02 7.90177960e+01 3.44969199e-01
  4.90075291e-01 1.50675000e+03]
 [7.70000000e+01 1.21000000e+02 7.90000000e+01 0.00000000e+00
  0.00000000e+00 1.62700000e+03]
 [7.70000000e+01 1.21000000e+02 7.90000000e+01 0.00000000e+00
  0.00000000e+00 1.74025000e+03]]
y_aug:
[0 0 0 ... 0 0 0]
Augmented context for patient 55.0 at eval_time 1627.0:
X_aug:
[[7.35195072e+01 1.40735455e+02 7.90177960e+01 3.44969199e-01
  4.90075291e-01 1.50675000e+03]
 [6.50000000e+01 9.40000000e+01 6.30000000e+01 0.00000000e+00
  0.00000000e+00 1.62700000e+03]
 [6.50000000e+01 1.09000000e+02 5.95000000e+01 0.00000000e+00
  0.00000000e+00 1.74025000e+03]
 ...
 [7.70000000e+01 1.21000000e+02 7.90000000e+01 0.00000000e+00
  0.00000000e+00 1.62700000e+03]
 [7.70000000e+01 1.21000000e+02 7.90000000e+01 0.00000000e+00
  0.00000000e+00 1.74025000e+03]
 [7.35195072e+01 1.40735455e+02 7.90177960e+01 3.44969199e-01
  4.90075291e-01 1.50675000e+03]]
y_aug:
[0 0 0 ... 0 0 0]
Augmented context for patient 55.0 at eval_time 1740.25:
X_aug:
[[7.35195072e+01 1.40735455e+02 7.90177960e+01 3.44969199e-01
  4.90075291e-01 1.50675000e+03]
 [6.50000000e+01 9.40000000e+01 6.30000000e+01 0.00000000e+00
  0.00000000e+00 1.62700000e+03]
 [6.50000000e+01 1.09000000e+02 5.95000000e+01 0.00000000e+00
  0.00000000e+00 1.74025000e+03]
 ...
 [7.70000000e+01 1.21000000e+02 7.90000000e+01 0.00000000e+00
  0.00000000e+00 1.74025000e+03]
 [7.35195072e+01 1.40735455e+02 7.90177960e+01 3.44969199e-01
  4.90075291e-01 1.50675000e+03]
 [7.30000000e+01 1.44500000e+02 7.70000000e+01 0.00000000e+00
  1.00000000e+00 1.62700000e+03]]
y_aug:
[0 0 0 ... 0 0 0]
Augmented context for patient 56.0 at eval_time 1506.75:
X_aug:
[[7.35195072e+01 1.40735455e+02 7.90177960e+01 3.44969199e-01
  4.90075291e-01 1.50675000e+03]
 [6.50000000e+01 9.40000000e+01 6.30000000e+01 0.00000000e+00
  0.00000000e+00 1.62700000e+03]
 [6.50000000e+01 1.09000000e+02 5.95000000e+01 0.00000000e+00
  0.00000000e+00 1.74025000e+03]
 ...
 [7.35195072e+01 1.40735455e+02 7.90177960e+01 3.44969199e-01
  4.90075291e-01 1.50675000e+03]
 [7.70000000e+01 1.21000000e+02 7.90000000e+01 0.00000000e+00
  0.00000000e+00 1.62700000e+03]
 [7.70000000e+01 1.21000000e+02 7.90000000e+01 0.00000000e+00
  0.00000000e+00 1.74025000e+03]]
y_aug:
[0 0 0 ... 0 0 0]
Augmented context for patient 56.0 at eval_time 1627.0:
X_aug:
[[7.35195072e+01 1.40735455e+02 7.90177960e+01 3.44969199e-01
  4.90075291e-01 1.50675000e+03]
 [6.50000000e+01 9.40000000e+01 6.30000000e+01 0.00000000e+00
  0.00000000e+00 1.62700000e+03]
 [6.50000000e+01 1.09000000e+02 5.95000000e+01 0.00000000e+00
  0.00000000e+00 1.74025000e+03]
 ...
 [7.70000000e+01 1.21000000e+02 7.90000000e+01 0.00000000e+00
  0.00000000e+00 1.62700000e+03]
 [7.70000000e+01 1.21000000e+02 7.90000000e+01 0.00000000e+00
  0.00000000e+00 1.74025000e+03]
 [7.35195072e+01 1.40735455e+02 7.90177960e+01 3.44969199e-01
  4.90075291e-01 1.50675000e+03]]
y_aug:
[0 0 0 ... 0 0 0]
Augmented context for patient 56.0 at eval_time 1740.25:
X_aug:
[[7.35195072e+01 1.40735455e+02 7.90177960e+01 3.44969199e-01
  4.90075291e-01 1.50675000e+03]
 [6.50000000e+01 9.40000000e+01 6.30000000e+01 0.00000000e+00
  0.00000000e+00 1.62700000e+03]
 [6.50000000e+01 1.09000000e+02 5.95000000e+01 0.00000000e+00
  0.00000000e+00 1.74025000e+03]
 ...
 [7.70000000e+01 1.21000000e+02 7.90000000e+01 0.00000000e+00
  0.00000000e+00 1.74025000e+03]
 [7.35195072e+01 1.40735455e+02 7.90177960e+01 3.44969199e-01
  4.90075291e-01 1.50675000e+03]
 [7.80000000e+01 1.26500000e+02 7.70000000e+01 0.00000000e+00
  1.00000000e+00 1.62700000e+03]]
y_aug:
[0 0 0 ... 0 0 0]
Augmented context for patient 57.0 at eval_time 1506.75:
X_aug:
[[7.35195072e+01 1.40735455e+02 7.90177960e+01 3.44969199e-01
  4.90075291e-01 1.50675000e+03]
 [6.50000000e+01 9.40000000e+01 6.30000000e+01 0.00000000e+00
  0.00000000e+00 1.62700000e+03]
